00708800982
00934831009
15971011000
03378630408
00131330359
01997740046
00551411200
01191820388
00126550409
03630290280
02706150360
00374690725
03317290363
01793260280
04605600289
03856690981
01998790164
11483940158
00596321208
00639260355
06190741006
04345820403
03685780722
03271030409
01727100404
03496990791
00685360190
06672890826
00182350363
01688640224
13411731006
00678161209
11362171008
01192920351
00694480963
06170180019
04318950286
01942690163
02415190400
03703300362
02974860641
11020410012
01078620166
01561310929
00675360366
11665750151
03410070365
03614930265
03971470483
00140940354
03543480366
01313730515
00169860244
00533171203
01492100274
01756900971
03434700401
00585250079
00156280026
01536480625
00297290975
01982280685
01508470356
00680570983
03252650407
01457800363
01975660687
03334461211