16747391007
00934831009
01972240384
15971011000
11495000157
03009851209
02062960386
10008370966
03127860405
00875040347
03576761203
02338120971
02351280397
00551411200
02176491203
02906880428
01191820388
00126550409
03630290280
15057371005
04036920363
06792120484
04640950400
03024600987
03317290363
01793260280
01721180014
03103950832
00158660365
03856690981
04568310405
02264051208
14598661008
03384030361
13932101002
01998790164
12636490968
02127160402
02873080358
03398321202
04497100406
14993341008
00639260355
02233750567
03685780722
02864441205
01727100404
03541260364
02131730695
04479640650
16134201009
03496990791
11254100966
03449481203
05708820872
00074290529
00182350363
13490941005
13411731006
03697610651
02634410407
02315330189
03641291202
09586280969
09680700961
06083280633
02283410500
03630041204
05464050656
00694480963
01629180553
01666880933
03517100362
02448200978
03354600540
02558700817
09457770965
02415190400
05375080289
01647540192
03579430129
02777290905
11271191006
01078620166
14365191007
03852611205
09554090960
00675360366
03410070365
14547431008
03614930265
03971470483
04394190401
02903991202
03543480366
01313730515
00169860244
01705890364
01847320684
03354830360
03619750544
03744180369
01897370670
04477110409
04536640404
01756900971
03656791203
03725960276
03334371204
06848031214
03434700401
00585250079
03946231200
04360970406
01536480625
00297290975
01262080391
11258310157
03889030361
03827351200
00272980103
01982280685
02038690406
01508470356
01990500769
00680570983
03735391207
02007530021
03581590365
01975660687
09713640960
03334461211
04133060246
01749170088
00708800982
01634570624
09535951215
05453450289
02538241205
03066290218
03368221200
01459370803
02239610567
03480350986
04198700405
02103920407
02673780306
03378630408
04375291210
03971361203
04589890401
04576100400
11743340967
00131330359
01997740046
15889431001
02264220167
07529650637
13368161009
02706150360
02870070188
02420430692
00374690725
03939130989
10461631003
02517670358
04605600289
02257620365
14592491006
01698590336
03298890835
01102440573
01018770576
02090540366
03820020364
10446081001
02055970970
02894450606
08744701213
11483940158
00596321208
01438730689
06190741006
01594670554
04345820403
01436070088
03271030409
03895480360
03825381209
15242221008
12380050018
02509770695
03468530369
03270801206
02931770354
01763260997
00685360190
06672890826
01688640224
02155790369
03769390240
03947170407
04148810619
04547200487
02288540186
03729930549
00678161209
05876320655
11362171008
01192920351
08240790967
05021200489
11649640965
12021221002
15640111009
03890310406
02785880358
06170180019
04991070485
08313120720
04318950286
07984340724
15307081008
01942690163
03644041208
14892831000
03504311204
11257890969
03703300362
02974860641
05959860726
02876340353
10545231002
11020410012
03961880360
01561310929
00588850396
01875490938
11665750151
10583211007
03818430542
08028480963
00140940354
00998050322
03496621206
01444630295
03902510373
03723901207
13414831001
07570490156
00533171203
02303740167
04824360657
01492100274
03805390360
04421890403
05940990657
14728921009
14217161000
01424531216
06205960484
03135980369
03229220409
00156280026
09097771217
02072850676
06599260483
02985350343
04651831002
04038011203
10292010963
04406530289
03252650407
04134520370
04416020404
01457800363
02764630352
02150400832
04100220401
00140830357
